

!----------------------------------------------------------------------
! Basis Set Exchange
! Version 0.11
! https://www.basissetexchange.org
!----------------------------------------------------------------------
!   Basis set: aug-cc-pVTZ
! Description: aug-cc-pVTZ
!        Role: orbital
!     Version: 1  (Data from ccRepo/Grant Hill)
!----------------------------------------------------------------------



S:aug-cc-pVTZ
aug-cc-pVTZ

  4
    0    1    2    3
    6    5    3    2
   16   10    3    2

3.741000D+05 5.605000D+04 1.276000D+04 3.615000D+03 1.183000D+03 
4.288000D+02 1.678000D+02 6.947000D+01 2.984000D+01 1.272000D+01 
5.244000D+00 2.219000D+00 7.767000D-01 3.490000D-01 1.322000D-01 
0.0497000 

5.421400D-05 -1.498370D-05 0.000000D+00 4.350660D-06 0.000000D+00 0.00000000 
4.208550D-04 -1.161980D-04 0.000000D+00 3.371400D-05 0.000000D+00 0.00000000 
2.206980D-03 -6.115830D-04 0.000000D+00 1.776740D-04 0.000000D+00 0.00000000 
9.192580D-03 -2.553700D-03 0.000000D+00 7.411160D-04 0.000000D+00 0.00000000 
3.211230D-02 -9.087080D-03 0.000000D+00 2.645910D-03 0.000000D+00 0.00000000 
9.466830D-02 -2.770450D-02 0.000000D+00 8.074870D-03 0.000000D+00 0.00000000 
2.236300D-01 -7.200200D-02 0.000000D+00 2.122760D-02 0.000000D+00 0.00000000 
3.743930D-01 -1.464390D-01 0.000000D+00 4.383230D-02 0.000000D+00 0.00000000 
3.291080D-01 -1.951500D-01 0.000000D+00 6.127160D-02 0.000000D+00 0.00000000 
8.470380D-02 8.191930D-03 0.000000D+00 -3.615100D-03 0.000000D+00 0.00000000 
4.408510D-04 5.166010D-01 0.000000D+00 -2.045100D-01 0.000000D+00 0.00000000 
1.648270D-03 5.421780D-01 0.000000D+00 -3.818710D-01 0.000000D+00 0.00000000 
-6.223320D-04 6.884300D-02 1.000000D+00 8.268440D-02 0.000000D+00 0.00000000 
3.013060D-04 -9.180720D-03 0.000000D+00 7.141470D-01 0.000000D+00 0.00000000 
-8.412900D-05 2.268320D-03 0.000000D+00 3.937910D-01 1.000000D+00 0.00000000 
0.00000000 0.00000000 0.00000000 0.00000000 0.00000000 1.0000000 

5.744000D+02 1.358000D+02 4.319000D+01 1.587000D+01 6.208000D+00 
2.483000D+00 8.688000D-01 3.229000D-01 1.098000D-01 0.0351000 

2.422640D-03 0.000000D+00 -6.201020D-04 0.000000D+00 0.00000000 
1.927960D-02 0.000000D+00 -4.938820D-03 0.000000D+00 0.00000000 
8.854010D-02 0.000000D+00 -2.326470D-02 0.000000D+00 0.00000000 
2.546540D-01 0.000000D+00 -6.851950D-02 0.000000D+00 0.00000000 
4.339840D-01 0.000000D+00 -1.238960D-01 0.000000D+00 0.00000000 
3.549530D-01 0.000000D+00 -9.694990D-02 0.000000D+00 0.00000000 
6.189410D-02 1.000000D+00 2.282150D-01 0.000000D+00 0.00000000 
-5.029770D-03 0.000000D+00 5.693940D-01 0.000000D+00 0.00000000 
2.098130D-03 0.000000D+00 3.663020D-01 1.000000D+00 0.00000000 
0.00000000 0.00000000 0.00000000 0.00000000 1.0000000 

8.190000D-01 2.690000D-01 0.1010000 

1.000000D+00 0.000000D+00 0.00000000 
0.000000D+00 1.000000D+00 0.00000000 
0.00000000 0.00000000 1.0000000 

5.570000D-01 0.2180000 

1.0000000 0.00000000 
0.00000000 1.0000000 

CL:aug-cc-pVTZ
aug-cc-pVTZ

  4
    0    1    2    3
    6    5    3    2
   16   10    3    2

4.561000D+05 6.833000D+04 1.555000D+04 4.405000D+03 1.439000D+03 
5.204000D+02 2.031000D+02 8.396000D+01 3.620000D+01 1.583000D+01 
6.334000D+00 2.694000D+00 9.768000D-01 4.313000D-01 1.625000D-01 
0.0591000 

4.929700D-05 -1.383040D-05 0.000000D+00 4.185460D-06 0.000000D+00 0.00000000 
3.830290D-04 -1.072790D-04 0.000000D+00 3.243950D-05 0.000000D+00 0.00000000 
2.008540D-03 -5.650830D-04 0.000000D+00 1.711050D-04 0.000000D+00 0.00000000 
8.385580D-03 -2.361350D-03 0.000000D+00 7.141760D-04 0.000000D+00 0.00000000 
2.947030D-02 -8.458860D-03 0.000000D+00 2.567050D-03 0.000000D+00 0.00000000 
8.783250D-02 -2.596380D-02 0.000000D+00 7.885520D-03 0.000000D+00 0.00000000 
2.114730D-01 -6.863620D-02 0.000000D+00 2.108670D-02 0.000000D+00 0.00000000 
3.653640D-01 -1.418740D-01 0.000000D+00 4.422640D-02 0.000000D+00 0.00000000 
3.408840D-01 -1.993190D-01 0.000000D+00 6.516700D-02 0.000000D+00 0.00000000 
1.021330D-01 -1.956620D-02 0.000000D+00 6.030120D-03 0.000000D+00 0.00000000 
3.116750D-03 4.997410D-01 0.000000D+00 -2.064950D-01 0.000000D+00 0.00000000 
1.057510D-03 5.637360D-01 0.000000D+00 -4.058710D-01 0.000000D+00 0.00000000 
-3.780000D-04 7.903250D-02 1.000000D+00 7.595580D-02 0.000000D+00 0.00000000 
1.561360D-04 -8.350910D-03 0.000000D+00 7.256610D-01 0.000000D+00 0.00000000 
-5.141260D-05 2.324560D-03 0.000000D+00 3.944230D-01 1.000000D+00 0.00000000 
0.00000000 0.00000000 0.00000000 0.00000000 0.00000000 1.0000000 

6.633000D+02 1.568000D+02 4.998000D+01 1.842000D+01 7.240000D+00 
2.922000D+00 1.022000D+00 3.818000D-01 1.301000D-01 0.0419000 

2.404480D-03 0.000000D+00 -6.521450D-04 0.000000D+00 0.00000000 
1.921480D-02 0.000000D+00 -5.194450D-03 0.000000D+00 0.00000000 
8.850970D-02 0.000000D+00 -2.469380D-02 0.000000D+00 0.00000000 
2.560200D-01 0.000000D+00 -7.281670D-02 0.000000D+00 0.00000000 
4.369270D-01 0.000000D+00 -1.340300D-01 0.000000D+00 0.00000000 
3.503340D-01 0.000000D+00 -9.477420D-02 0.000000D+00 0.00000000 
5.854950D-02 1.000000D+00 2.622890D-01 0.000000D+00 0.00000000 
-4.584230D-03 0.000000D+00 5.646670D-01 0.000000D+00 0.00000000 
2.269700D-03 0.000000D+00 3.412500D-01 1.000000D+00 0.00000000 
0.00000000 0.00000000 0.00000000 0.00000000 1.0000000 

1.046000D+00 3.440000D-01 0.1350000 

1.000000D+00 0.000000D+00 0.00000000 
0.000000D+00 1.000000D+00 0.00000000 
0.00000000 0.00000000 1.0000000 

7.060000D-01 0.3120000 

1.0000000 0.00000000 
0.00000000 1.0000000 


